欢乐颂
3345 | 5432 | 1123 | 3.22- | 3345 | 5432 | 1123 | 2.11- ||
2231 |2 34 31|2 34 32|12(5)3 | 3345 |54 34 2|1123 | 2.11- ||

小星星
1 1|5 5|6 6|5－|4 4|3 3|2 2|1－|
5 5|4 4|3 3|2－|5 5|4 4|3 3|2－|
1 1|5 5|6 6|5－|4 4|3 3|2 2|1－||
圣诞歌的简谱　“叮叮当叮叮当~铃儿叮叮当~”这首~~
333 333 35123 444 4433 3332232 5 333 333 35123 444 4433 3355421 53215 5553216 64327 55423 53215 5553216 6432555 565421 5 333 333 35123 444 4433 3332232 5 333 333 35123 444 4433 3355671
333 333 35123 4444333 3322125 55421 53215 53216 5321555 566532铃儿响叮当的，下面的5是中音的 (5)1121(766) 1217各为半拍，其余一拍 (6)22321(75) 2321各为半拍，其余一拍 (5)334321(6) 3432各为半拍，其余一拍 (556)2(7)1 55各为半拍，其余一拍 (55)111(7) 55各为半拍，其余一拍 (77)1(765) 77各为半拍，其余一拍 223215(556)2(7)1 22各为半拍，其余一拍 加（）的降一个八度
 
小星星:533/422/1234555/533/422/13551/2222234/3333365/533/422/13551
两只老虎:1231/1231/345/345/565431/565431/251/251......(
童话:(5)543/343/3434321/1356/6652/243/1356/6652/2434321/236/61171
菊花台 3323/35323/112353/2212/35365/65535/3235321/35365/65535/3235321
/123/3566(3211)65/65321/612/212/3356/6(321121)/55371123/21...
提示:括号里的不是高音就是低音,自己很容易揣磨的吧...
泰坦尼号:1111(7)1/1(7)123432/1111(7)1/1(5)/1111(7)1/1(7)123432/
1111(7)1/2(5)/12/(5)5432/343/21(7)11(5)/12/(5)5432/343/21(7)1/
1(7)12-3-432-1-1--.........
 
欢乐颂:3 3 4 5 /5 4 3 2 /1 1 2 3 /3・2 2- //:2 2 3 1/2 34 31/2 34 3 2/1 2 5(5是低音）3/3 3 4 5/5 4 3 42/1 1 2 3/2・1 1-://(没空格的两个音是一拍）
 
斯科郊外的晚上口琴简谱：6低 1 3 1 2 1 7低 3 2 6低 1 3 5 5 6 5 4 3 4升 5 7 6 3 7低 6低 3 2 4 5 4 3 2 1 3 2 6低   （0过门 4升 5 7 6 3 7低 6低 3 2 4 5 4 3 2 1 3 2 6低 ）重复主旋律就可以啦~
 
好心分手中间那段口琴简谱：35555 55543 35535 12765 365671 33~22 16565 67~5 565